# log10_axion_ac logA n_s theta_s_1e2 omega_b omega_cdm tau_reio A_planck
7.858964503678422808e-02 -2.413874793528329786e-04 1.181443430796136405e-04 1.986136125656320526e-04 -1.611607114969348240e-06 -3.298785726953496169e-07 -1.072488181251467579e-04 6.858006938975484430e-06
-2.413874793528329786e-04 1.255731079383278707e-04 3.183411648344518573e-06 -9.187246144248706228e-06 3.433569068253419011e-08 -1.200447455004654352e-07 5.726389289449429428e-05 5.965149900263103710e-06
1.181443430796136405e-04 3.183411648344518573e-06 6.657613643125044983e-06 1.888240937716985157e-06 -4.931015079907615631e-08 -9.950147378827648918e-08 2.415412647262591669e-06 -5.289832175138685508e-08
1.986136125656320526e-04 -9.187246144248706228e-06 1.888240937716985157e-06 7.801370059996806802e-05 4.859133167125682003e-08 1.417109906048041106e-07 -4.548392686386282053e-06 1.679463314058499837e-07
-1.611607114969348240e-06 3.433569068253419011e-08 -4.931015079907615631e-08 4.859133167125682003e-08 8.012589382478334513e-09 1.571081805067644508e-08 -3.285639220449310197e-08 1.128726280292374579e-08
-3.298785726953496169e-07 -1.200447455004654352e-07 -9.950147378827648918e-08 1.417109906048041106e-07 1.571081805067644508e-08 7.714639720095249745e-08 -2.039948719699359487e-07 4.634244197801542953e-09
-1.072488181251467579e-04 5.726389289449429428e-05 2.415412647262591669e-06 -4.548392686386282053e-06 -3.285639220449310197e-08 -2.039948719699359487e-07 3.064762300711899753e-05 -1.041706669023220418e-06
6.858006938975484430e-06 5.965149900263103710e-06 -5.289832175138685508e-08 1.679463314058499837e-07 1.128726280292374579e-08 4.634244197801542953e-09 -1.041706669023220418e-06 4.109400568154979435e-06
