# log10_axion_ac logA n_s theta_s_1e2 omega_b omega_cdm tau_reio A_planck
7.259633223665996893e-02 3.076841631923838316e-04 -3.353351973045078696e-05 -4.417301487798075326e-06 -8.490887308176740844e-07 9.413233017727948748e-07 1.492471175393386164e-04 1.447561739659181297e-06
3.076841631923838316e-04 1.300378925408088142e-04 -1.085748870842829409e-06 2.252192613677262982e-06 4.469966737005385136e-08 5.102253687042839828e-08 5.614583393722709983e-05 8.446570430187799316e-06
-3.353351973045078696e-05 -1.085748870842829409e-06 6.488643096220589046e-06 4.788616506374570819e-07 -2.606287087577288577e-08 -1.053667883643909716e-07 2.344422232403768438e-08 3.058056094385348078e-07
-4.417301487798075326e-06 2.252192613677262982e-06 4.788616506374570819e-07 1.332089983596848154e-05 8.395616933752992244e-09 -2.437114000856905706e-08 4.338174613602954341e-08 1.065273989682688412e-06
-8.490887308176740844e-07 4.469966737005385136e-08 -2.606287087577288577e-08 8.395616933752992244e-09 6.848704020043169167e-09 1.699784636965510265e-08 -9.840404682435553303e-09 -4.040778478553058894e-09
9.413233017727948748e-07 5.102253687042839828e-08 -1.053667883643909716e-07 -2.437114000856905706e-08 1.699784636965510265e-08 8.952916687277777302e-08 -8.307178768835826451e-08 -5.613804402632092377e-08
1.492471175393386164e-04 5.614583393722709983e-05 2.344422232403768438e-08 4.338174613602954341e-08 -9.840404682435553303e-09 -8.307178768835826451e-08 2.907191148074289913e-05 -5.749667406426382318e-07
1.447561739659181297e-06 8.446570430187799316e-06 3.058056094385348078e-07 1.065273989682688412e-06 -4.040778478553058894e-09 -5.613804402632092377e-08 -5.749667406426382318e-07 5.085443802943609013e-06
