# logA n_s theta_s_1e2 omega_b omega_cdm tau_reio A_planck
1.311396978786520629e-04 1.276368076255625222e-05 8.191518005691931085e-07 6.289602783005570859e-07 -4.733942716613128243e-06 6.315023432001746725e-05 6.547729925999426067e-06
1.276368076255625222e-05 1.438495285251412358e-05 3.931997330587661778e-07 1.722396036606428724e-07 -3.082239518733772250e-06 8.496099681417116999e-06 2.147452216450735951e-06
8.191518005691931085e-07 3.931997330587661778e-07 8.500084034762659300e-08 9.246106775518290939e-09 -9.977654952101986475e-08 4.536598131319276683e-07 4.132954226721063151e-08
6.289602783005570859e-07 1.722396036606428724e-07 9.246106775518290939e-09 1.969863592724166946e-08 -1.026426574525619625e-07 3.556326129962796374e-07 3.057062689004808228e-08
-4.733942716613128243e-06 -3.082239518733772250e-06 -9.977654952101986475e-08 -1.026426574525619625e-07 1.383575010437363513e-06 -3.470186414165350878e-06 -4.296197758663359639e-07
6.315023432001746725e-05 8.496099681417116999e-06 4.536598131319276683e-07 3.556326129962796374e-07 -3.470186414165350878e-06 3.565813928051742043e-05 -3.923797584649763997e-07
6.547729925999426067e-06 2.147452216450735951e-06 4.132954226721063151e-08 3.057062689004808228e-08 -4.296197758663359639e-07 -3.923797584649764527e-07 4.514138462435237379e-06
